Real Image Detection Optimization Results
==================================================
Timestamp: 2025-09-24 12:14:40

Image: 500px-Minen.jpg
Expected mines: 3
Detected mines: 18
Score: 15
Best parameters: {'param1': 30, 'param2': 25, 'min_dist': 50, 'min_radius': 20, 'max_radius': 60, 'sensitivity': 'low'}
Detection details: [(90, 224, 58), (144, 90, 56), (146, 230, 56), (164, 148, 56), (196, 88, 58), (198, 190, 33), (226, 256, 58), (248, 120, 59), (256, 178, 58), (294, 218, 58), (304, 288, 57), (308, 168, 28), (324, 84, 56), (344, 230, 49), (352, 140, 57), (402, 146, 58), (404, 272, 58), (404, 198, 58)]

Image: tm-46_ap-mine.jpeg.jpg
Expected mines: 1
Detected mines: 81
Score: 80
Best parameters: {'param1': 30, 'param2': 25, 'min_dist': 50, 'min_radius': 20, 'max_radius': 60, 'sensitivity': 'low'}
Detection details: [(104, 476, 56), (108, 424, 58), (122, 234, 58), (132, 292, 53), (136, 360, 59), (136, 530, 41), (150, 162, 58), (152, 446, 44), (178, 490, 58), (178, 106, 59), (182, 262, 58), (184, 204, 50), (194, 544, 58), (194, 356, 59), (208, 612, 22), (210, 426, 59), (226, 148, 58), (228, 292, 50), (246, 468, 56), (250, 236, 35), (256, 400, 37), (264, 184, 58), (282, 510, 59), (282, 98, 58), (290, 356, 35), (314, 186, 47), (326, 124, 58), (326, 262, 32), (328, 464, 49), (328, 396, 49), (340, 518, 50), (348, 342, 49), (364, 172, 53), (368, 294, 29), (378, 464, 58), (382, 120, 54), (386, 380, 38), (398, 250, 59), (420, 304, 53), (422, 428, 23), (434, 516, 58), (434, 136, 54), (436, 364, 56), (460, 226, 58), (468, 404, 55), (504, 288, 52), (504, 114, 58), (512, 516, 43), (516, 228, 32), (552, 356, 53), (554, 304, 23), (594, 238, 54), (598, 124, 58), (606, 294, 57), (630, 578, 29), (640, 388, 27), (656, 122, 31), (664, 222, 35), (668, 172, 56), (692, 590, 25), (712, 128, 59), (720, 226, 52), (746, 166, 58), (748, 90, 59), (770, 260, 25), (774, 320, 25), (784, 204, 59), (786, 530, 45), (800, 132, 29), (820, 270, 59), (824, 320, 52), (830, 426, 53), (830, 172, 53), (836, 494, 56), (838, 376, 29), (844, 544, 38), (852, 220, 59), (854, 126, 59), (876, 324, 58), (882, 176, 34), (890, 376, 56)]

